\1.jpg 36 31 90 29 65 65 45 86 87 87
\10.jpg 38 39 95 37 73 80 44 105 96 101
\100.jpg 35 39 92 39 61 82 41 113 84 115
\101.jpg 33 39 92 38 65 67 35 95 94 93
\102.jpg 37 40 93 40 55 85 41 100 94 102
\105.jpg 35 41 93 38 86 87 35 108 87 100
\106.jpg 36 40 93 39 60 86 36 99 81 100
\107.jpg 35 41 92 40 65 78 35 100 92 96
\108.jpg 36 41 94 40 77 89 28 105 93 104
\109.jpg 37 40 92 41 57 78 38 100 85 104
\110.jpg 35 39 90 38 64 68 36 99 85 100
\111.jpg 33 40 89 37 62 75 35 94 86 94
\112.jpg 37 40 94 40 67 86 41 97 95 95
\113.jpg 37 38 93 37 63 79 41 90 95 87
\120.jpg 36 38 91 42 61 82 44 91 93 93
\121.jpg 34 39 93 39 56 73 36 97 89 101
\123.jpg 36 41 93 40 60 86 47 99 94 99
\124.jpg 35 38 91 39 69 67 35 98 90 98
\126.jpg 37 41 94 41 62 74 33 106 93 106
\13.jpg 35 27 91 27 70 56 38 88 92 88
\130.jpg 35 40 93 39 72 79 35 102 87 103
\133.jpg 34 40 93 40 68 72 42 102 89 101
\135.jpg 33 43 92 40 68 61 34 100 97 96
\138.jpg 37 40 95 41 53 74 41 96 84 100
\139.jpg 36 40 96 38 74 83 38 105 97 101
\14.jpg 33 27 91 28 64 60 39 94 82 95
\15.jpg 34 40 88 40 69 72 29 97 76 93
\16.jpg 38 39 95 41 52 79 44 101 95 98
\18.jpg 37 40 92 41 52 80 45 101 94 102
\19.jpg 37 38 94 40 62 73 42 96 83 100
\2.jpg 32 28 91 27 52 69 39 88 85 87
\21.jpg 37 40 95 40 63 67 40 93 93 94
\22.jpg 33 39 91 39 79 74 34 98 90 95
\24.jpg 35 39 90 38 66 66 47 101 84 97
\25.jpg 37 39 91 42 53 65 35 93 81 95
\27.jpg 37 43 93 42 71 69 41 99 100 95
\29.jpg 38 40 93 41 59 82 56 99 94 96
\3.jpg 29 30 89 30 50 71 39 93 90 91
\31.jpg 32 41 94 40 46 81 46 106 85 110
\32.jpg 38 40 94 39 45 78 41 105 81 107
\34.jpg 35 42 89 40 67 67 31 87 91 88
\35.jpg 35 40 90 39 43 73 40 106 89 107
\37.jpg 37 39 93 39 67 74 39 95 96 93
\38.jpg 35 41 91 41 55 81 37 99 94 102
\39.jpg 37 38 94 39 57 75 38 97 96 98
\4.jpg 39 39 90 39 66 76 40 97 95 98
\40.jpg 34 40 95 39 66 51 43 90 91 88
\41.jpg 36 40 94 41 53 80 39 96 92 99
\42.jpg 36 38 92 38 61 61 30 83 90 86
\44.jpg 35 38 88 38 83 51 45 93 97 89
\47.jpg 36 39 91 41 77 73 42 93 84 95
\48.jpg 36 41 91 40 67 70 32 96 94 94
\49.jpg 37 39 91 39 58 80 43 89 92 88
\5.jpg 32 42 93 41 58 77 32 111 92 111
\50.jpg 36 40 90 39 63 63 42 93 80 93
\53.jpg 39 39 90 40 58 70 43 87 84 89
\54.jpg 37 30 93 29 62 65 39 92 88 91
\55.jpg 38 30 91 29 59 66 36 77 99 81
\56.jpg 35 39 93 42 63 83 33 109 83 114
\57.jpg 35 39 93 38 61 75 35 101 92 101
\58.jpg 32 31 92 29 73 70 36 107 98 108
\59.jpg 34 29 91 28 62 67 37 97 89 97
\6.jpg 33 38 92 39 61 80 33 96 86 99
\60.jpg 35 28 92 28 58 66 37 93 84 95
\61.jpg 37 28 92 28 57 76 45 89 96 87
\62.jpg 32 38 92 39 52 76 27 106 81 111
\63.jpg 38 29 92 30 64 59 38 94 86 95
\64.jpg 34 26 90 25 52 60 41 83 91 85
\65.jpg 33 29 89 30 53 62 31 79 86 80
\67.jpg 35 30 91 29 67 64 43 99 95 101
\7.jpg 37 40 91 39 62 62 37 94 89 94
\71.jpg 37 29 93 28 59 69 38 86 88 92
\72.jpg 35 29 90 30 71 74 38 103 90 101
\73.jpg 30 28 84 28 46 70 35 98 86 101
\74.jpg 36 29 90 29 67 61 45 87 81 87
\75.jpg 36 30 89 29 60 57 41 86 88 89
\76.jpg 39 40 92 40 70 65 44 103 96 107
\77.jpg 39 40 91 40 81 65 51 105 93 104
\78.jpg 37 39 96 38 57 84 44 109 94 109
\79.jpg 36 35 90 36 61 68 40 104 87 107
\8.jpg 35 39 94 40 54 74 34 96 91 98
\81.jpg 34 39 91 39 48 72 36 97 86 99
\82.jpg 37 39 91 39 58 74 37 97 90 100
\84.jpg 39 38 95 39 55 66 39 93 86 96
\85.jpg 36 40 92 39 61 78 40 102 88 102
\89.jpg 35 42 93 40 56 84 39 107 91 104
\90.jpg 35 41 92 40 65 62 36 95 99 92
\92.jpg 36 39 92 39 71 85 35 108 95 104
\94.jpg 38 39 92 39 60 74 40 102 89 101
\95.jpg 34 42 94 38 63 77 36 106 88 103
\96.jpg 37 40 93 40 61 81 44 107 88 107
\97.jpg 36 39 92 38 64 77 41 103 82 103
\98.jpg 32 39 90 40 66 84 24 90 85 92
\99.jpg 35 40 90 39 70 76 41 101 94 98
