\1.jpg 12 113 9 110
\10.jpg 11 125 11 125
\100.jpg 0 114 11 125
\101.jpg 11 125 11 125
\102.jpg 0 114 11 125
\105.jpg 11 125 11 125
\106.jpg 6 101 15 111
\107.jpg 10 116 13 120
\108.jpg 13 119 13 120
\109.jpg 12 115 21 124
\110.jpg 12 121 10 119
\111.jpg 7 110 12 115
\112.jpg 6 120 6 120
\113.jpg 12 115 17 120
\120.jpg 20 102 23 106
\121.jpg 9 110 13 114
\123.jpg 6 120 11 125
\124.jpg 10 116 11 118
\126.jpg 6 120 11 125
\13.jpg 6 120 0 114
\130.jpg 15 116 22 123
\133.jpg 6 120 11 125
\135.jpg 6 120 11 125
\138.jpg 23 115 23 115
\139.jpg 7 121 7 121
\14.jpg 8 118 8 118
\15.jpg 9 107 19 116
\16.jpg 6 120 11 125
\18.jpg 11 125 11 125
\19.jpg 15 118 15 118
\2.jpg 4 118 4 118
\21.jpg 11 125 11 125
\22.jpg 6 120 11 125
\24.jpg 11 125 11 125
\25.jpg 11 112 14 115
\27.jpg 19 122 19 122
\29.jpg 25 124 22 121
\3.jpg 5 114 8 116
\31.jpg 10 116 19 126
\32.jpg 10 116 10 117
\34.jpg 15 119 11 115
\35.jpg 4 109 10 115
\37.jpg 6 120 11 125
\38.jpg 8 111 16 119
\39.jpg 0 114 11 125
\4.jpg 4 118 7 121
\40.jpg 18 110 23 115
\41.jpg 6 120 11 125
\42.jpg 13 114 11 112
\44.jpg 10 116 13 120
\47.jpg 12 115 17 120
\48.jpg 11 125 11 125
\49.jpg 12 115 17 120
\5.jpg 8 115 10 116
\50.jpg 7 108 17 117
\53.jpg 17 113 15 111
\54.jpg 10 116 7 113
\55.jpg 11 125 0 114
\56.jpg 8 115 10 116
\57.jpg 9 112 15 118
\58.jpg 0 114 0 114
\59.jpg 6 120 6 120
\6.jpg 6 120 11 125
\60.jpg 7 113 0 107
\61.jpg 8 113 4 109
\62.jpg 11 125 11 125
\63.jpg 6 120 6 120
\64.jpg 7 121 4 118
\65.jpg 6 101 12 108
\67.jpg 4 118 7 121
\7.jpg 10 116 8 115
\71.jpg 13 115 7 109
\72.jpg 6 120 6 120
\73.jpg 7 113 5 112
\74.jpg 12 117 10 114
\75.jpg 10 116 5 112
\76.jpg 10 119 8 116
\77.jpg 19 122 15 118
\78.jpg 4 118 7 121
\79.jpg 11 125 11 125
\8.jpg 0 114 6 120
\81.jpg 0 114 11 125
\82.jpg 7 113 16 123
\84.jpg 4 118 7 121
\85.jpg 6 120 11 125
\89.jpg 7 113 13 120
\90.jpg 11 125 11 125
\92.jpg 10 116 13 120
\94.jpg 7 121 7 121
\95.jpg 7 121 7 121
\96.jpg 6 120 11 125
\97.jpg 12 115 17 120
\98.jpg 0 114 11 125
\99.jpg 11 125 11 125
