\1.jpg 14 109 6 102
\10.jpg 18 197 18 197
\100.jpg 0 179 18 197
\101.jpg 18 197 18 197
\102.jpg 0 179 18 197
\105.jpg 18 197 18 197
\106.jpg 9 159 24 174
\107.jpg 20 187 26 193
\108.jpg 18 197 18 197
\109.jpg 15 182 26 193
\110.jpg 22 183 23 184
\111.jpg 0 179 9 188
\112.jpg 9 188 9 188
\113.jpg 22 183 23 184
\120.jpg 31 155 40 163
\121.jpg 15 172 21 179
\123.jpg 18 197 18 197
\124.jpg 15 179 21 186
\125.jpg 9 188 18 197
\126.jpg 9 188 18 197
\13.jpg 9 188 0 179
\130.jpg 19 180 34 195
\133.jpg 18 197 18 197
\135.jpg 9 188 18 197
\136.jpg 0 179 18 197
\138.jpg 35 180 35 180
\139.jpg 12 191 12 191
\14.jpg 13 185 13 185
\15.jpg 33 172 34 174
\16.jpg 9 188 18 197
\18.jpg 9 188 18 197
\19.jpg 18 197 18 197
\2.jpg 9 188 0 179
\21.jpg 18 197 18 197
\22.jpg 9 188 18 197
\23.jpg 28 171 28 171
\24.jpg 18 197 18 197
\25.jpg 20 176 23 179
\27.jpg 18 197 18 197
\29.jpg 39 194 34 189
\3.jpg 8 178 13 183
\31.jpg 22 174 38 190
\32.jpg 15 182 31 198
\33.jpg 9 188 0 179
\34.jpg 23 187 17 181
\35.jpg 6 171 16 180
\37.jpg 9 188 18 197
\38.jpg 8 178 16 186
\39.jpg 0 179 18 197
\4.jpg 12 191 12 191
\40.jpg 19 174 29 184
\41.jpg 9 188 18 197
\42.jpg 15 176 14 175
\44.jpg 16 186 16 186
\47.jpg 19 180 27 188
\48.jpg 18 197 18 197
\49.jpg 19 180 27 188
\5.jpg 12 177 15 179
\50.jpg 11 169 26 183
\53.jpg 22 177 22 177
\54.jpg 19 180 7 168
\55.jpg 18 197 0 179
\56.jpg 13 180 15 182
\57.jpg 0 179 18 197
\58.jpg 6 185 12 191
\59.jpg 10 182 10 182
\6.jpg 9 188 18 197
\60.jpg 9 188 0 179
\61.jpg 11 178 5 172
\62.jpg 18 197 18 197
\63.jpg 9 188 9 188
\64.jpg 12 191 6 185
\65.jpg 9 159 18 168
\67.jpg 12 182 13 183
\69.jpg 18 197 18 197
\7.jpg 15 179 12 177
\71.jpg 21 180 12 171
\72.jpg 9 188 9 188
\73.jpg 11 178 8 175
\74.jpg 22 183 15 176
\75.jpg 23 182 11 169
\76.jpg 16 186 13 183
\77.jpg 20 187 21 188
\78.jpg 6 185 12 191
\79.jpg 18 197 18 197
\8.jpg 0 179 9 188
\81.jpg 0 179 18 197
\82.jpg 11 178 26 193
\84.jpg 6 185 12 191
\85.jpg 9 188 18 197
\89.jpg 9 188 18 197
\90.jpg 9 188 18 197
\92.jpg 22 183 23 184
\94.jpg 12 191 12 191
\95.jpg 12 191 12 191
\96.jpg 9 188 18 197
\97.jpg 19 180 27 188
\98.jpg 0 179 18 197
\99.jpg 18 197 18 197
